10
10
7 8 5 3 4 6 2 0 9 1
5 2 8 9 1 4 7 3 0 6
1 7 6 2 9 0 4 3 8 5
4 8 5 9 3 6 2 1 0 7
8 9 7 3 4 0 1 5 6 2
3 9 5 2 4 1 6 8 0 7
5 2 7 6 9 0 4 8 3 1
4 6 5 8 9 2 0 1 7 3
9 6 5 8 7 0 3 1 4 2
0 3 7 2 1 5 8 4 9 6
62 24 25 84 47 38 82 93 24 66
47 97 92 22 93 29 56 80 78 67
45 46 22 26 38 69 40 33 75 96
85 76 68 88 36 75 56 35 77 85
60 20 25 63 81 52 30 98 54 86
87 73 51 95 65 86 22 58 80 65
81 53 57 71 81 43 26 54 58 69
20 86 21 79 62 34 27 81 30 46
68 66 98 86 66 56 82 95 47 78
30 50 34 58 77 34 84 40 46 44
0
0 62 128 153 242 292 330 412 505 663
0 47 162 254 276 430 459 764 844 939
0 88 134 156 182 220 289 363 396 471
0 86 310 378 466 502 577 729 764 970
0 68 212 237 349 581 633 663 761 815
0 88 161 235 482 547 633 667 725 805
47 182 273 330 529 610 653 809 863 986
329 401 567 588 667 729 763 859 940 970
0 68 212 310 560 626 682 764 859 906
0 313 378 412 470 588 725 809 849 895
1055
096

899 965 1061 1119 1200 1259
1399
 29
33 33 19 40 19 33 26 31 28 36 38 21 25 40 35
25 32 33 18 32 28 15 35 14 34 23 32 17 26 19
16 33 34 30 40 12 26 26 15 21 40 32 14 30 35
17 16 20 24 26 36 22 14 11 20 23 29 23 15 40
27 37 40 14 25 30 34 11 15 32 36 12 28 31 23
25 22 27 14 25 20 18 14 19 17 27 22 22 27 21
34 15 22 29 34 40 17 32 20 39 31 16 37 33 13
12 27 17 24 11 19 11 17 25 11 31 33 31 12 22
22 15 16 32 20 22 11 19 30 33 29 18 34 32 18
27 26 28 37 18 12 11 26 27 40 19 24 18 12 34
15 28 25 32 13 38 11 34 25 20 32 23 14 16 20
15 13 37 14 22 24 26 22 34 22 19 32 29 13 35
36 33 28 20 30 33 29 34 22 12 30 12 35 13 35
26 31 35 38 19 35 27 29 39 13 14 26 17 22 15
36 34 33 17 38 39 16 27 29 16 16 19 40 35 39
0
19 33 107 120 131 142 214 272 289 307 318 374 387 402 520
81 186 217 243 301 317 480 539 561 632 684 700 734 749 763
0 37 111 151 186 241 266 310 347 573 639 665 784 824 860
0 54 72 84 107 200 234 259 364 387 424 440 533 573 897
0 48 94 126 154 205 499 554 583 621 632 655 672 780 848
0 63 135 158 198 217 250 341 372 518 554 655 694 817 877
64 176 208 241 390 440 480 495 555 569 701 724 848 865 946
73 125 258 303 347 392 404 430 468 530 573 668 700 724 865
89 106 122 216 240 269 318 340 387 407 427 504 533 650 699
10 59 96 289 398 450 480 514 544 559 676 777 789 817 848
89 114 136 163 217 242 386 413 452 471 488 569 591 613 756
57 91 106 174 276 315 385 410 442 495 619 681 712 749 857
55 67 188 205 229 327 346 357 374 399 410 474 670 853 865
104 264 279 295 327 422 444 455 474 506 672 716 734 789 879
126 203 231 387 444 462 474 579 605 700 761 824 848 866 912
177 264 292 355 439 632 670 681 776 801 821 853 876 891 907
116 175 192 229 342 456 480 583 605 672 697 716 748 777 790
117 153 186 214 259 324 357 517 551 601 642 672 749 866 890
215 241 292 372 507 526 592 619 648 687 701 754 780 865 925
4 40 74 146 177 262 346 399 426 455 471 515 740 780 900
965
63 1015
1114
0 439 521 559 579 626 694 786 815 848 862 989 1033 1066
57 71 179 198 247 258 306 530 552 579 689 849 886 905 948 989 1028 1049 1079 1111
66 98 120 150 168 209 243 311 367 396 433 463 488 515 603 909 929 955 969 1091
0 130 152 201 232 247 283 481 506 539 627 673 721 769 787 866 891 1011 1032 1141
86 186 225 246 264 284 312 392 428 452 487 509 580 619 741 911 967 1012 1114 1158
122 148 180 191 265 314 350 430 587 600 698 720 731 755 815 826 896 907 1079 1153
163 202 226 269 297 346 380 426 475 635 675 699 746 761 826 895 993 1011 1091 1105
58 99 125 139 186 235 322 353 396 433 545 555 628 660 699 718 741 761 776 1058
198 251 299 330 488 515 528 558 600 619 659 694 736 746 862 905 1000 1038 1050 1077
0 45 72 111 190 235 330 376 447 484 514 545 561 623 667 708 743 885 906 916
94 132 159 191 273 316 360 374 728 743 774 801 849 890 955 1003 1039 1069 1134 1160
401 458 512 528 564 598 645 659 683 712 790 804 834 916 994 1005 1051 1116 1131 1141
232 271 342 355 400 418 461 564 638 668 683 828 919 964 1008 1024 1053 1086 1106 1141
1187
288
7
40
192 1257
1316
05
1327
 1285 1328
1362
04 1362 1386 1490
1555
